4294967278,220
4294967279,503
4294967279,502
4294967279,501
4294967279,500
4294967279,499
4294967279,498
4294967278,245
4294967279,497
4294967278,118
4294967278,243
4294967278,241
4294967279,275
4294967279,496
4294967279,118
4294967279,324
4294967279,244
4294967278,117
4294967279,241
4294967279,117
4294967279,237
4294967279,495
4294967278,202
4294967279,494
4294967279,183
4294967278,116
4294967279,493
4294967279,492
4294967279,165
4294967278,164
4294967294,417
4294967279,162
4294967294,93
4294967294,95
4294967279,116
4294967278,151
4294967279,491
4294967279,2
4294967279,277
4294967279,490
4294967279,489
4294967279,488
4294967279,320
4294967279,487
4294967279,115
4294967279,238
4294967279,486
4294967279,485
4294967278,228
4294967279,114
4294967278,225
4294967279,484
4294967279,483
4294967279,482
4294967278,447
4294967279,481
4294967278,257
4294967279,480
4294967279,479
4294967278,236
4294967278,446
4294967279,206
4294967279,205
4294967278,445
4294967279,192
4294967278,444
4294967279,478
4294967279,477
4294967278,443
4294967278,442
4294967278,441
4294967279,476
4294967278,440
4294967279,475
4294967279,474
4294967279,473
4294967278,439
4294967279,223
4294967278,438
4294967278,437
4294967279,537
4294967278,436
4294967278,435
4294967279,167
4294967279,472
4294967279,471
4294967278,434
4294967278,433
4294967279,470
4294967278,432
4294967278,431
4294967278,213
4294967294,1636
4294967294,469
4294967278,203
4294967278,430
4294967294,1663
4294967279,469
4294967279,468
4294967279,467
4294967278,184
4294967279,466
4294967279,465
21,5
4294967294,1662
21,7
21,0
4294967279,257
4294967279,464
4294967279,463
4294967279,462
4294967279,461
4294967278,235
4294967279,225
4294967279,460
4294967278,409
4294967279,459
4294967278,360
4294967279,201
4294967278,357
4294967279,113
4294967278,351
4294967278,344
4294967279,188
21,6
4294967294,1416
4294967278,183
4294967278,182
4294967279,182
4294967294,38
4294967294,37
4294967278,181
4294967278,180
4294967279,180
4294967279,178
4294967278,177
4294967279,177
4294967278,176
21,4
21,3
21,2
21,1
4294967294,40
4294967278,170
4294967278,326
4294967279,305
4294967279,458
4294967278,407
4294967279,457
4294967279,456
4294967278,406
4294967278,401
4294967279,260
4294967279,258
4294967279,254
4294967278,258
4294967279,323
4294967279,322
4294967278,254
4294967294,14
4294967294,20
4294967294,982
4294967294,990
4294967279,575
4294967279,250
4294967278,253
4294967279,249
4294967278,250
4294967278,248
4294967294,30
4294967294,974
4294967294,36
4294967294,39
4294967294,165
4294967294,113
4294967294,980
4294967294,978
4294967294,474
4294967294,473
4294967294,470
4294967294,104
4294967294,106
4294967294,1422
4294967294,986
4294967278,242
4294967278,240
4294967278,238
19,5
4294967279,236
4294967279,235
19,4
4294967278,234
19,3
19,2
19,1
4294967279,233
4294967278,232
4294967279,231
4294967278,230
4294967279,229
18,4
18,3
18,2
18,1
4294967279,227
4294967294,1421
4294967294,1424
4294967294,1633
4294967294,910
4294967278,226
4294967279,221
4294967278,224
4294967278,410
4294967279,224
4294967278,222
17,5
4294967278,218
4294967279,217
17,4
4294967278,216
17,3
17,2
17,1
4294967278,215
4294967279,215
4294967278,214
4294967279,214
4294967278,212
4294967279,212
4294967278,211
16,4
4294967279,211
16,3
16,2
16,1
4294967278,210
4294967279,210
4294967278,209
4294967279,209
4294967278,208
15,4
15,3
15,2
15,1
4294967278,207
4294967279,207
4294967278,206
4294967294,1154
4294967279,204
4294967278,205
4294967278,204
14,6
4294967278,201
4294967279,203
4294967278,359
4294967278,358
4294967279,202
14,5
4294967279,200
14,4
4294967279,199
14,3
14,2
14,1
4294967278,198
4294967279,198
4294967278,197
4294967279,197
4294967278,196
13,4
4294967279,196
13,3
13,2
13,1
4294967279,531
4294967278,195
4294967279,195
4294967294,1155
4294967278,192
4294967279,194
4294967279,193
12,5
4294967278,191
4294967279,191
4294967278,190
12,4
4294967279,190
12,3
12,2
12,1
4294967294,1133
4294967279,338
4294967278,189
4294967279,189
4294967279,187
11,4
4294967278,186
11,3
11,2
11,1
4294967279,186
4294967278,185
4294967294,89
4294967278,338
4294967279,455
4294967279,454
4294967294,1429
4294967278,350
4294967294,50
4294967294,115
4294967294,112
4294967294,161
4294967294,90
4294967294,86
4294967294,85
4294967294,1683
4294967294,150
4294967294,29
4294967294,53
4294967294,44
4294967278,331
4294967294,9
4294967278,175
4294967278,332
4294967294,22
4294967294,99
4294967294,76
4294967294,41
4294967294,43
4294967294,1676
4294967294,51
4294967279,172
4294967278,171
4294967279,171
4294967279,170
4294967278,169
4294967294,81
4294967294,83
4294967294,68
4294967294,11
4294967294,92
4294967294,88
4294967278,165
4294967278,112
4294967278,107
4294967278,102
4294967278,96
4294967278,91
4294967278,90
4294967278,87
4294967278,81
4294967278,75
4294967278,69
4294967278,63
4294967278,62
4294967278,57
4294967279,107
4294967279,102
4294967279,97
4294967279,90
4294967279,89
4294967279,82
4294967279,76
4294967279,70
4294967279,64
4294967279,58
4294967279,48
4294967279,6
4294967279,453
4294967279,538
4294967279,53
4294967294,7
4294967278,52
4294967293,131
4294967293,130
4294967293,129
4294967293,128
4294967293,127
4294967293,126
4294967293,125
4294967293,124
4294967293,123
4294967293,122
4294967293,121
4294967293,120
4294967293,119
4294967293,118
4294967293,117
4294967293,116
4294967293,115
4294967293,114
4294967293,113
4294967293,112
4294967293,111
4294967293,110
4294967293,109
4294967293,108
4294967293,107
4294967293,106
4294967293,105
4294967293,104
4294967293,103
4294967293,102
4294967293,101
4294967293,100
4294967293,99
4294967293,98
4294967293,97
4294967293,96
4294967293,95
4294967293,94
4294967293,93
4294967293,92
4294967293,91
4294967293,90
4294967293,89
4294967293,87
4294967293,86
4294967293,85
4294967293,84
4294967293,83
4294967293,82
4294967293,81
4294967293,80
4294967293,79
4294967293,78
4294967293,77
4294967293,76
4294967293,75
4294967293,74
4294967293,73
4294967293,72
4294967293,71
4294967293,70
4294967293,69
4294967293,68
4294967293,67
4294967293,66
4294967293,65
4294967293,64
4294967293,63
4294967293,62
4294967293,61
4294967293,60
4294967293,59
4294967293,58
4294967293,57
4294967293,56
4294967293,55
4294967293,54
4294967293,53
4294967293,52
4294967293,51
4294967293,50
4294967293,49
4294967293,48
4294967293,47
4294967293,46
4294967293,45
4294967293,44
4294967293,43
4294967293,42
4294967293,41
4294967293,40
4294967293,39
4294967293,38
4294967293,37
4294967293,36
4294967293,35
4294967293,34
4294967293,33
4294967293,32
4294967293,31
4294967293,30
4294967293,29
4294967293,28
4294967293,27
4294967293,26
4294967293,25
4294967293,24
4294967293,23
4294967293,22
4294967293,21
4294967293,20
4294967293,19
4294967293,18
4294967293,17
4294967293,16
4294967293,15
4294967293,14
4294967293,13
4294967293,12
4294967293,11
4294967293,10
4294967293,9
4294967293,8
4294967293,7
4294967293,6
4294967293,5
4294967293,4
4294967293,3
4294967278,132
4294967278,131
4294967278,130
4294967278,125
4294967278,249
4294967278,120
4294967278,239
4294967278,115
4294967278,110
4294967278,108
4294967278,221
4294967278,105
4294967278,219
4294967278,104
4294967278,103
4294967278,101
4294967278,100
4294967278,408
4294967278,99
4294967278,98
4294967278,97
4294967278,402
4294967278,95
4294967278,94
4294967278,93
4294967278,92
4294967278,89
4294967278,86
4294967278,85
4294967278,84
4294967278,83
4294967278,82
4294967278,80
4294967278,79
4294967278,404
4294967278,78
4294967278,77
4294967278,76
4294967278,74
4294967278,73
4294967278,72
4294967278,71
4294967278,70
4294967278,68
4294967278,66
4294967278,61
4294967278,56
4294967278,51
4294967278,47
4294967278,46
4294967278,42
4294967278,41
4294967278,37
4294967278,29
4294967278,18
4294967278,17
4294967278,13
4294967278,12
4294967278,9
4294967278,8
4294967278,7
4294967278,6
4294967278,5
4294967278,88
4294967278,0
4294967279,336
4294967279,108
4294967279,105
4294967279,104
4294967279,101
4294967279,331
4294967279,100
4294967279,335
4294967279,98
4294967279,174
4294967279,334
4294967279,266
4294967279,12
4294967279,259
4294967279,10
4294967279,9
4294967278,160
10,5
4294967278,159
10,4
10,3
10,2
10,1
4294967278,155
9,4
9,3
9,2
9,1
4294967279,452
4294967279,0
4294967278,154
8,5
8,4
8,3
8,2
8,1
7,4
7,3
7,2
7,1
4294967294,1661
6,4
4294967278,141
6,3
6,2
6,1
5,6
5,5
5,4
5,3
5,2
5,1
4294967278,16
4294967279,279
4,4
4,3
4,2
4,1
4294967279,282
4294967294,1660
4294967279,264
4294967294,114
4294967278,15
3,5
4294967278,10
4294967279,263
4294967279,262
3,4
3,3
3,2
3,1
4294967279,261
0,5
4294967294,96
2,4
2,3
2,2
2,1
0,7
4294967294,45
4294967294,17
4294967294,42
4294967294,387
4294967294,983
4294967294,67
4294967294,5
4294967294,1427
4294967294,1160
4294967294,1423
4294967294,989
4294967294,1162
4294967294,107
4294967278,405
4294967278,231
4294967279,332
4294967279,330
4294967278,403
4294967278,400
4294967294,46
4294967294,921
4294967294,140
4294967294,1392
4294967294,1158
4294967294,500
4294967294,1161
4294967294,1437
4294967294,24
4294967294,82
4294967294,91
4294967294,87
4294967294,84
4294967294,898
4294967294,52
4294967294,295
4294967294,293
4294967294,1389
4294967294,290
4294967294,289
4294967294,288
4294967294,287
4294967294,286
4294967294,285
4294967294,284
4294967294,282
4294967294,281
4294967294,280
4294967294,279
4294967294,278
4294967294,920
4294967294,276
4294967294,274
4294967294,273
4294967294,272
4294967294,271
4294967294,269
4294967294,0
4294967294,266
4294967294,263
4294967294,261
4294967294,259
4294967294,257
4294967294,256
4294967294,254
4294967294,253
4294967294,249
4294967294,248
4294967294,245
4294967294,244
4294967294,243
4294967294,242
4294967294,240
4294967294,238
4294967294,237
4294967294,234
4294967294,233
4294967294,232
4294967294,231
4294967294,167
4294967294,229
4294967294,228
4294967294,226
4294967294,224
4294967294,223
4294967294,222
4294967294,219
4294967294,218
4294967294,211
4294967294,210
4294967294,209
4294967294,207
4294967294,206
4294967294,204
4294967294,203
4294967294,202
4294967294,197
4294967294,196
4294967294,195
4294967294,1444
4294967294,193
4294967294,192
4294967294,831
4294967294,828
4294967294,827
4294967294,826
4294967294,825
4294967294,27
4294967294,824
4294967294,28
